eye 0.0 0.0 5.0
viewdir 0.0 0.0 -1.0
updir 0.0 1.0 0.0
hfov 60.0
imsize 1 1

bkgcolor 0.0 0.0 1.0

light 0.0 .0 4.0 1 1.0 1.0 1.0

mtlcolor 1.0 0.0 0.0 0.1 0.1 0.1 0.1 0.5 0.2 10
texture tree.ppm
sphere 0.0 0.0 0.0 5.0
v 1.0 0.0 0.0
v 0.0 1.0 0.0
v 0.0 0.0 1.0
v 1.0 0.0 0.0
v 0.0 1.0 0.0
v 0.0 0.0 1.0
v 1.0 0.0 0.0
v 0.0 1.0 0.0
v 0.0 0.0 1.0

vn 1.0 0.0 0.0
vn 0.0 1.0 0.0
vn 0.0 0.0 1.0
vn 1.0 0.0 0.0
vn 0.0 1.0 0.0
vn 0.0 0.0 1.0
vn 1.0 0.0 0.0
vn 0.0 1.0 0.0
vn 0.0 0.0 1.0

vt 0.0 1.0
vt 1.0 1.0
vt 1.0 0.0
vt 0.0 0.0
vt 0.0 1.0
vt 1.0 1.0
vt 1.0 0.0
vt 0.0 0.0
vt 0.0 1.0
vt 1.0 1.0
vt 1.0 0.0
vt 0.0 0.0

f 1/2/3 4/5/6 7/8/9
